Scores
1. 73
2. 73
3. 73
4. 73
5. 73
6. 73
7. 73
8. 73
9. 73
10. 73
11. 73
12. 73
13. 73
14. 73
15. 73
16. 73
17. 73
18. 73
19. 73
20. 73
21. 73
22. 73
23. 73
24. 73
25. 73
26. 73
27. 73
28. 73
29. 73
30. 73
31. 73
32. 73
33. 65
34. 65
35. 65
36. 65
37. 65
38. 65
39. 65
40. 65
41. 65
42. 65
43. 65
44. 65
45. 65
46. 65
47. 65
48. 65
49. 65
50. 65
51. 65
52. 65
53. 65
54. 65
55. 65
56. 65
57. 65
58. 65
59. 65
60. 65
61. 61
62. 61
63. 61
64. 61
65. 61
66. 61
67. 61
68. 61
69. 61
70. 61
71. 61
72. 61
73. 61
74. 61
75. 61
76. 61
77. 61
78. 61
79. 61
80. 61
81. 61
82. 61
83. 61
84. 61
85. 61
86. 61
87. 61
88. 61
89. 61
90. 61
91. 61
92. 61
93. 61
94. 61
95. 61
96. 61
97. 61
98. 61
99. 61
100. 61
101. 61
102. 61
103. 61
104. 61
105. 61
106. 61
107. 61
108. 61
109. 61
110. 61
111. 61
112. 61
113. 61
114. 61
115. 61
116. 61
117. 61
118. 61
119. 61
120. 61
121. 61
122. 61
123. 61
124. 61
125. 61
126. 61
127. 61
128. 61
129. 61
130. 61
131. 61
132. 61
133. 61
134. 61
135. 61
136. 61
137. 61
138. 61
139. 61
140. 61
141. 61
142. 61
143. 61
144. 61
145. 61
146. 61
147. 61
148. 61
149. 61
150. 61
151. 61
152. 61
153. 61
154. 61
155. 61
156. 61
157. 61
158. 61
159. 61
160. 61
161. 61
162. 61
163. 61
164. 61
165. 61
166. 61
167. 61
168. 61
169. 61
170. 61
171. 61
172. 61
173. 61
174. 61
175. 61
176. 61
177. 61
178. 61
179. 61
180. 61
181. 61
182. 61
183. 61
184. 61
185. 61
186. 61
187. 61
188. 61
189. 61
190. 61
191. 61
192. 61
193. 61
194. 61
195. 61
196. 61
197. 61
198. 61
199. 61
200. 61
201. 61
202. 61
203. 61
204. 61
205. 61
206. 61
207. 61
208. 61
209. 61
210. 61
211. 61
212. 61
213. 61
214. 61
215. 61
216. 61
217. 61
218. 61
219. 61
220. 61
221. 61
222. 61
223. 61
224. 61
225. 61
226. 61
227. 61
228. 61
229. 61
230. 61
231. 61
232. 61
233. 61
234. 61
235. 61
236. 61
237. 61
238. 61
239. 61
240. 61
241. 61
242. 61
243. 61
244. 61
245. 61
246. 61
247. 61
248. 61
249. 61
250. 61
251. 61
252. 61
253. 61
254. 61
255. 61
256. 61
257. 61
258. 61
259. 61
260. 61
261. 61
262. 61
263. 61
264. 61
265. 61
266. 61
267. 61
268. 61
269. 61
270. 61
271. 61
272. 61
273. 61
274. 61
275. 61
276. 61
277. 61
278. 61
279. 61
280. 61
281. 61
282. 61
283. 61
284. 61
285. 61
286. 61
287. 61
288. 61
289. 61
290. 57
291. 57
292. 57
293. 57
294. 57
295. 57
296. 57
297. 57
298. 57
299. 57
300. 57
301. 57
302. 57
303. 57
304. 57
305. 57
306. 57
307. 57
308. 57
309. 57
310. 57
311. 57
312. 57
313. 57
314. 57
315. 57
316. 57
317. 57
318. 57
319. 57
320. 57
321. 57
322. 57
323. 57
324. 57
325. 57
326. 57
327. 57
328. 57
329. 57
330. 57
331. 57
332. 57
333. 57
334. 57
335. 57
336. 57
337. 57
338. 57
339. 57
340. 57
341. 57
342. 57
343. 57
344. 57
345. 57
346. 57
347. 57
348. 57
349. 57
350. 57
351. 57
352. 57
353. 57
354. 57
355. 57
356. 57
357. 57
358. 57
359. 57
360. 57
361. 57
362. 57
363. 57
364. 57
365. 57
366. 57
367. 57
368. 57
369. 57
370. 57
371. 57
372. 57
373. 57
374. 57
375. 57
376. 57
377. 57
378. 57
379. 57
380. 57
381. 57
382. 57
383. 57
384. 57
385. 57
386. 57
387. 57
388. 57
389. 57
390. 57
391. 57
392. 57
393. 57
394. 57
395. 57
396. 57
397. 57
398. 57
399. 57
400. 57
401. 57
402. 57
403. 57
404. 57
405. 57
406. 57
407. 57
408. 53
409. 53
410. 53
411. 53
412. 53
413. 53
414. 53
415. 53
416. 53
417. 53
418. 53
419. 53
420. 53
421. 53
422. 53
423. 53
424. 53
425. 53
426. 53
427. 53
428. 53
429. 53
430. 53
431. 53
432. 53
433. 53
434. 53
435. 53
436. 53
437. 53
438. 53
439. 49
440. 49
441. 49
442. 49
443. 49
444. 49
445. 49
446. 49
447. 49
448. 49
449. 49
450. 49
451. 49
452. 49
453. 49
454. 49
455. 49
456. 49
457. 49
458. 49
459. 49
460. 49
461. 49
462. 49
463. 49
464. 49
465. 49
466. 49
467. 49
468. 49
469. 49
470. 49
471. 49
472. 49
473. 49
474. 49
475. 49
476. 49
477. 49
478. 49
479. 49
480. 49
481. 49
482. 49
483. 49
484. 49
485. 49
486. 49
487. 49
488. 49
489. 49
490. 49
491. 49
492. 49
493. 49
494. 49
495. 49
496. 49
497. 49
498. 49
499. 49
500. 49
501. 49
502. 49
503. 49
504. 49
505. 49
506. 49
507. 49
508. 49
509. 49
510. 49
511. 49
512. 49
513. 49
514. 49
515. 49
516. 49
517. 49
518. 49
519. 49
520. 49
521. 49
522. 49
523. 49
524. 49
525. 49
526. 49
527. 49
528. 49
529. 49
530. 49
531. 49
532. 49
533. 49
534. 49
535. 49
536. 49
537. 49
538. 49
539. 49
540. 49
541. 49
542. 49
543. 49
544. 49
545. 49
546. 49
547. 49
548. 49
549. 49
550. 49
551. 49
552. 49
553. 49
554. 49
555. 49
556. 49
557. 49
558. 49
559. 49
560. 49
561. 49
562. 49
563. 49
564. 49
565. 49
566. 49
567. 49
568. 49
569. 49
570. 49
571. 49
572. 49
573. 49
574. 49
575. 49
576. 49
577. 49
578. 49
579. 49
580. 49
581. 49
582. 49
583. 49
584. 49
585. 49
586. 49
587. 49
588. 49
589. 49
590. 49
591. 49
592. 49
593. 49
594. 49
595. 49
596. 49
597. 49
598. 49
599. 49
600. 49
601. 49
602. 49
603. 49
604. 49
605. 49
606. 49
607. 49
608. 49
609. 49
610. 49
611. 49
612. 49
613. 49
614. 49
615. 49
616. 49
617. 49
618. 49
619. 49
620. 49
621. 49
622. 49
623. 49
624. 49
625. 49
626. 49
627. 49
628. 37
629. 37
630. 37
631. 37
632. 37
633. 37
634. 37
635. 37
636. 37
637. 37
638. 37
639. 37
640. 37
641. 37
642. 37
643. 37
644. 37
645. 37
646. 37
647. 37
648. 37
649. 37
650. 37
651. 37
652. 37
653. 37
654. 37
655. 37
656. 37
657. 37
658. 37
659. 37
660. 37
661. 37
662. 37
663. 37
664. 37
665. 37
666. 37
667. 37
668. 37
669. 37
670. 37
671. 37
672. 37
673. 37
674. 37
675. 37
676. 37
677. 37
678. 37
679. 37
680. 37
681. 37
682. 37
683. 37
684. 37
685. 37
686. 37
687. 37
688. 37
689. 37
690. 37
691. 37
692. 37
693. 37
694. 37
695. 37
696. 37
697. 37
698. 37
699. 37
700. 37
701. 37
702. 37
703. 37
704. 37
705. 37
706. 37
707. 37
708. 37
709. 37
710. 37
711. 37
712. 37
713. 37
714. 37
715. 37
716. 37
717. 37
718. 37
719. 33
720. 33
721. 33
722. 33
723. 33
724. 33
725. 33
726. 33
727. 33
728. 33
729. 33
730. 33
731. 33
732. 33
733. 33
734. 33
735. 33
736. 33
737. 33
738. 33
739. 33
740. 33
741. 33
742. 33
743. 33
744. 33
745. 33
746. 33
747. 33
748. 33
749. 33
750. 33
751. 33
752. 33
753. 33
754. 33
755. 33
756. 33
757. 33
758. 33
759. 33
760. 33
761. 33
762. 33
763. 33
764. 33
765. 33
766. 33
767. 33
768. 33
769. 33
770. 33
771. 33
772. 33
773. 33
774. 33
775. 33
776. 33
777. 33
778. 33
779. 33
780. 33
781. 33
782. 33
783. 33
784. 33
785. 33
786. 33
787. 33
788. 33
789. 33
790. 33
791. 33
792. 33
793. 33
794. 33
795. 33
796. 33
797. 33
798. 33
799. 33
800. 33
801. 33
802. 33
803. 33
804. 33
805. 33
806. 33
807. 33
808. 33
809. 33
810. 33
811. 33
812. 33
813. 33
814. 33
815. 33
816. 33
817. 33
818. 33
819. 33
820. 33
821. 33
822. 33
823. 33
824. 33
825. 33
826. 33
827. 33
828. 33
829. 33
830. 33
831. 33
832. 33
833. 33
834. 33
835. 33
836. 33
837. 33
838. 33
839. 33
840. 33
841. 33
842. 33
843. 33
844. 33
845. 33
846. 33
847. 33
848. 33
849. 33
850. 33
851. 33
852. 33
853. 33
854. 33
855. 33
856. 33
857. 33
858. 33
859. 33
860. 33
861. 33
862. 33
863. 33
864. 33
865. 33
866. 33
867. 33
868. 33
869. 33
870. 29
871. 29
872. 29
873. 29
874. 29
875. 29
876. 29
877. 29
878. 29
879. 29
880. 29
881. 29
882. 29
883. 29
884. 29
885. 29
886. 29
887. 29
888. 29
889. 29
890. 29
891. 29
892. 29
893. 29
894. 29
895. 29
896. 29
897. 29
898. 29
899. 29
900. 29
901. 29
902. 29
903. 29
904. 29
905. 29
906. 29
907. 29
908. 29
909. 29
910. 29
911. 29
912. 29
913. 29
914. 29
915. 29
916. 29
917. 29
918. 29
919. 29
920. 29
921. 29
922. 29
923. 29
924. 29
925. 29
926. 29
927. 29
928. 29
929. 29
930. 29
931. 29
932. 29
933. 29
934. 29
935. 29
936. 29
937. 29
938. 29
939. 29
940. 29
941. 29
942. 29
943. 29
944. 25
945. 25
946. 25
947. 25
948. 25
949. 25
950. 25
951. 25
952. 25
953. 25
954. 25
955. 25
956. 25
957. 25
958. 25
959. 25
960. 25
961. 25
962. 25
963. 25
964. 25
965. 25
966. 25
967. 25
968. 25
969. 25
970. 25
971. 25
972. 25
973. 25
974. 25
975. 25
976. 25
977. 25
978. 25
979. 25
980. 25
981. 25
982. 25
983. 25
984. 25
985. 25
986. 25
987. 25
988. 25
989. 25
990. 25
991. 25
992. 25
993. 25
994. 25
995. 25
996. 25
997. 25
998. 25
999. 25
1000. 25
1001. 25
1002. 25
1003. 25
1004. 25
1005. 25
1006. 25
1007. 25
1008. 25
1009. 25
1010. 25
1011. 25
1012. 25
1013. 25
1014. 25
1015. 25
1016. 25
1017. 25
1018. 25
1019. 25
1020. 25
1021. 25
1022. 25
1023. 25
1024. 25
1025. 25
1026. 25
1027. 25
1028. 25
1029. 25
1030. 25
1031. 25
1032. 25
1033. 25
1034. 25
1035. 25
1036. 25
1037. 25
1038. 25
1039. 25
1040. 25
1041. 25
1042. 25
1043. 25
1044. 25
1045. 25
1046. 25
1047. 25
1048. 25
1049. 25
1050. 25
1051. 25
1052. 25
1053. 25
1054. 25
1055. 25
1056. 25
1057. 25
1058. 25
1059. 25
1060. 25
1061. 25
1062. 25
1063. 25
1064. 25
1065. 25
1066. 25
1067. 25
1068. 25
1069. 25
1070. 25
1071. 25
1072. 25
1073. 25
1074. 25
1075. 25
1076. 25
1077. 25
1078. 25
1079. 25
1080. 25
1081. 25
1082. 25
1083. 25
1084. 25
1085. 25
1086. 25
1087. 25
1088. 25
1089. 25
1090. 25
1091. 25
1092. 25
1093. 25
1094. 25
1095. 25
1096. 25
1097. 25
1098. 25
1099. 25
1100. 25
1101. 25
1102. 25
1103. 25
1104. 25
1105. 25
1106. 25
1107. 25
1108. 25
1109. 25
1110. 25
1111. 25
1112. 25
1113. 25
1114. 25
1115. 25
1116. 25
1117. 25
1118. 25
1119. 25
1120. 25
1121. 25
1122. 25
1123. 25
1124. 21
1125. 21
1126. 21
1127. 21
1128. 21
1129. 21
1130. 21
1131. 21
1132. 21
1133. 21
1134. 21
1135. 21
1136. 17
1137. 17
1138. 17
1139. 17
1140. 17
1141. 17
1142. 17
1143. 17
1144. 17
1145. 17
1146. 17
1147. 17
1148. 17
1149. 17
1150. 17
1151. 17
1152. 17
1153. 17
1154. 17
1155. 17
1156. 17
1157. 17
1158. 17
1159. 17
1160. 17
1161. 17
1162. 17
1163. 17
1164. 17
1165. 17
1166. 17
1167. 17
1168. 17
1169. 17
1170. 17
1171. 17
1172. 17
1173. 17
1174. 17
1175. 17
1176. 17
1177. 17
1178. 17
1179. 17
1180. 17
1181. 17
1182. 17
1183. 17
1184. 17
1185. 17
1186. 17
1187. 17
1188. 13
1189. 13
1190. 13
1191. 13
1192. 13
1193. 13
1194. 13
1195. 13
1196. 13
1197. 13
1198. 13
1199. 13
1200. 13
1201. 13
1202. 13
1203. 13
1204. 13
1205. 13
1206. 13
1207. 13
1208. 13
1209. 13
1210. 13
1211. 13
1212. 13
1213. 13
1214. 13
1215. 13
1216. 13
1217. 13
1218. 13
1219. 13
1220. 13
1221. 13
1222. 13
1223. 13
1224. 13
1225. 13
1226. 13
1227. 13
1228. 13
1229. 13
1230. 13
1231. 13
1232. 13
1233. 13
1234. 13
1235. 13
1236. 13
1237. 13
1238. 13
1239. 13
1240. 13
1241. 13
1242. 13
1243. 13
1244. 13
1245. 13
1246. 13
1247. 13
1248. 13
1249. 13
1250. 13
1251. 13
1252. 13
1253. 13
1254. 13
1255. 13
1256. 13
1257. 13
1258. 13
1259. 13
1260. 13
1261. 13
1262. 13
1263. 13
1264. 13
1265. 13
1266. 13
1267. 13
1268. 13
1269. 13
1270. 13
1271. 13
1272. 13
1273. 13
1274. 13
1275. 13
1276. 13
1277. 13
1278. 13
1279. 13
1280. 13
1281. 13
1282. 13
1283. 13
1284. 13
1285. 13
1286. 13
1287. 13
1288. 13
1289. 13
1290. 13
1291. 13
1292. 13
1293. 13
1294. 13
1295. 13
1296. 13
1297. 13
1298. 13
1299. 13
1300. 13
1301. 13
1302. 13
1303. 13
1304. 13
1305. 13
1306. 13
1307. 13
1308. 13
1309. 13
1310. 13
1311. 13
1312. 13
1313. 13
1314. 13
1315. 13
1316. 13
1317. 13
1318. 13
1319. 13
1320. 13
1321. 13
1322. 13
1323. 13
1324. 13
1325. 13
1326. 13
1327. 13
1328. 13
1329. 13
1330. 13
1331. 13
1332. 13
1333. 13
1334. 13
1335. 13
1336. 13
1337. 13
1338. 13
1339. 13
1340. 13
1341. 13
1342. 13
1343. 13
1344. 13
1345. 13
1346. 13
1347. 13
1348. 13
1349. 13
1350. 13
1351. 13
1352. 13
1353. 13
1354. 13
1355. 13
1356. 13
1357. 13
1358. 13
1359. 13
1360. 13
1361. 13
1362. 13
1363. 13
1364. 13
1365. 13
1366. 13
1367. 13
1368. 13
1369. 13
1370. 13
1371. 13
1372. 13
1373. 13
1374. 13
1375. 13
1376. 13
1377. 13
1378. 13
1379. 13
1380. 13
1381. 13
1382. 13
1383. 13
1384. 13
1385. 13
1386. 13
1387. 13
1388. 13
1389. 13
1390. 13
1391. 13
1392. 13
1393. 13
1394. 13
1395. 13
1396. 13
1397. 13
1398. 13
1399. 13
1400. 13
1401. 13
1402. 13
1403. 13
1404. 13
1405. 13
1406. 13
1407. 13
1408. 13
1409. 13
1410. 13
1411. 13
1412. 13
1413. 13
1414. 13
1415. 13
1416. 13
1417. 13
1418. 13
1419. 13
1420. 13
1421. 13
1422. 13
1423. 13
1424. 13
1425. 13
1426. 13
1427. 13
1428. 13
1429. 13
1430. 13
1431. 13
1432. 13
1433. 13
1434. 13
1435. 13
1436. 13
1437. 13
1438. 13
1439. 13
1440. 13
1441. 13
1442. 13
1443. 13
1444. 13
1445. 13
1446. 13
1447. 13
1448. 13
1449. 13
1450. 13
1451. 13
1452. 13
1453. 13
1454. 13
1455. 13
1456. 13
1457. 13
1458. 13
1459. 13
1460. 13
1461. 13
1462. 13
1463. 13
1464. 13
1465. 13
1466. 13
1467. 13
1468. 13
1469. 13
1470. 13
1471. 13
1472. 13
1473. 13
1474. 13
1475. 13
1476. 13
1477. 13
1478. 13
1479. 13
1480. 13
1481. 13
1482. 13
1483. 13
1484. 13
1485. 13
1486. 13
1487. 13
1488. 13
1489. 13
1490. 13
1491. 13
1492. 13
1493. 13
1494. 13
1495. 13
1496. 13
1497. 13
1498. 13
1499. 13
1500. 13
1501. 13
1502. 13
1503. 13
1504. 13
1505. 13
1506. 13
1507. 13
1508. 13
1509. 13
1510. 13
1511. 13
1512. 13
1513. 13
1514. 13
1515. 13
1516. 13
1517. 13
1518. 13
1519. 13
1520. 13
1521. 13
1522. 13
1523. 13
1524. 13
1525. 13
1526. 13
1527. 13
1528. 13
1529. 13
1530. 13
1531. 13
1532. 13
1533. 13
1534. 13
1535. 13
1536. 13
1537. 13
1538. 13
1539. 13
1540. 13
1541. 13
1542. 13
1543. 13
1544. 13
1545. 13
1546. 13
1547. 13
1548. 13
1549. 13
1550. 13
1551. 13
1552. 13
1553. 13
1554. 13
1555. 13
1556. 13
1557. 13
1558. 13
1559. 13
1560. 13
1561. 13
1562. 13
1563. 13
1564. 13
1565. 13
1566. 13
1567. 13
1568. 13
1569. 13
1570. 13
1571. 13
1572. 13
1573. 13
1574. 13
1575. 13
1576. 13
1577. 13
1578. 13
1579. 13
1580. 13
1581. 13
1582. 13
1583. 13
1584. 13
1585. 13
1586. 13
1587. 13
1588. 13
1589. 13
1590. 13
1591. 13
1592. 13
1593. 13
1594. 13
1595. 13
1596. 13
1597. 13
1598. 13
1599. 13
1600. 13
1601. 13
1602. 13
1603. 13
1604. 13
1605. 13
1606. 13
1607. 13
1608. 13
1609. 13
1610. 13
1611. 13
1612. 13
1613. 13
1614. 13
1615. 13
1616. 13
1617. 13
1618. 13
1619. 13
1620. 13
1621. 13
1622. 13
1623. 13
1624. 13
1625. 13
1626. 13
1627. 13
1628. 13
1629. 13
1630. 13
1631. 13
1632. 13
1633. 13
1634. 13
1635. 13
1636. 13
1637. 13
1638. 13
1639. 9
1640. 9
1641. 9
1642. 9
1643. 9
1644. 9
1645. 9
1646. 9
1647. 9
1648. 9
1649. 9
1650. 9
1651. 9
1652. 9
1653. 9
1654. 9
1655. 9
1656. 9
1657. 9
1658. 9
1659. 9
1660. 9
1661. 9
1662. 9
1663. 9
1664. 9
1665. 9
1666. 9
1667. 9
1668. 9
1669. 9
1670. 9
1671. 9
1672. 9
1673. 9
1674. 9
1675. 9
1676. 9
1677. 9
1678. 9
1679. 9
1680. 9
1681. 9
1682. 9
1683. 9
1684. 9
1685. 9
1686. 9
1687. 9
1688. 9
1689. 9
1690. 9
1691. 9
1692. 9
1693. 9
1694. 9
1695. 9
1696. 9
1697. 9
1698. 9
1699. 9
1700. 9
1701. 9
1702. 9
1703. 9
1704. 9
1705. 9
1706. 9
1707. 9
1708. 9
1709. 9
1710. 9
1711. 9
1712. 9
1713. 9
1714. 9
1715. 9
1716. 9
1717. 9
1718. 9
1719. 9
1720. 9
1721. 9
1722. 9
1723. 9
1724. 9
1725. 9
1726. 9
1727. 9
1728. 9
1729. 9
1730. 9
1731. 9
1732. 9
1733. 9
1734. 9
1735. 9
1736. 9
1737. 9
1738. 9
1739. 9
1740. 9
1741. 9
1742. 9
1743. 9
1744. 9
1745. 9
1746. 9
1747. 9
1748. 9
1749. 9
1750. 9
1751. 9
1752. 9
1753. 9
1754. 9
1755. 9
1756. 9
1757. 9
1758. 9
1759. 9
1760. 9
1761. 9
1762. 9
1763. 9
1764. 9
1765. 9
1766. 9
1767. 9
1768. 9
1769. 9
1770. 9
1771. 9
1772. 9
1773. 9
1774. 9
1775. 9
1776. 9
1777. 9
1778. 9
1779. 9
1780. 9
1781. 9
1782. 9
1783. 9
1784. 9
1785. 9
1786. 9
1787. 9
1788. 9
1789. 9
1790. 9
1791. 9
1792. 9
1793. 9
1794. 9
1795. 9
1796. 9
1797. 9
1798. 9
1799. 9
1800. 9
1801. 9
1802. 9
1803. 9
1804. 9
1805. 9
1806. 9
1807. 9
1808. 9
1809. 9
1810. 9
1811. 9
1812. 9
1813. 9
1814. 9
1815. 9
1816. 9
1817. 9
1818. 9
1819. 9
1820. 9
1821. 9
1822. 9
1823. 9
1824. 9
1825. 9
1826. 9
1827. 9
1828. 9
1829. 9
1830. 9
1831. 9
1832. 9
1833. 9
1834. 9
1835. 9
1836. 9
1837. 9
1838. 9
1839. 9
1840. 9
1841. 9
1842. 9
1843. 9
1844. 9
1845. 9
1846. 9
1847. 9
1848. 9
1849. 9
1850. 9
1851. 9
1852. 9
1853. 9
1854. 9
1855. 9
1856. 9
1857. 9
1858. 9
1859. 9
1860. 9
1861. 9
1862. 9
1863. 9
1864. 9
1865. 9
1866. 9
1867. 9
1868. 9
1869. 9
1870. 9
1871. 9
1872. 9
1873. 9
1874. 9
1875. 9
1876. 9
1877. 9
1878. 9
1879. 9
1880. 9
1881. 9
1882. 9
1883. 9
1884. 9
1885. 9
1886. 9
1887. 9
1888. 9
1889. 9
1890. 9
1891. 9
1892. 9
1893. 9
1894. 9
1895. 9
1896. 9
1897. 9
1898. 9
1899. 9
1900. 9
1901. 9
1902. 9
1903. 9
1904. 9
1905. 9
1906. 9
1907. 9
1908. 9
1909. 9
1910. 9
1911. 9
1912. 9
1913. 9
1914. 9
1915. 9
1916. 9
1917. 9
1918. 9
1919. 9
1920. 9
1921. 9
1922. 9
1923. 9
1924. 9
1925. 9
1926. 9
1927. 9
1928. 9
1929. 9
1930. 9
1931. 9
1932. 9
1933. 9
1934. 9
1935. 9
1936. 9
1937. 9
1938. 9
1939. 9
1940. 9
1941. 9
1942. 9
1943. 9
1944. 9
1945. 9
1946. 9
1947. 9
1948. 9
1949. 9
1950. 9
1951. 9
1952. 9
1953. 9
1954. 9
1955. 9
1956. 9
1957. 9
1958. 9
1959. 9
1960. 9
1961. 9
1962. 9
1963. 9
1964. 9
1965. 9
1966. 9
1967. 9
1968. 9
1969. 9
1970. 9
1971. 9
1972. 9
1973. 9
1974. 9
1975. 9
1976. 9
1977. 9
1978. 9
1979. 9
1980. 9
1981. 9
1982. 9
1983. 9
1984. 9
1985. 9
1986. 9
1987. 9
1988. 9
1989. 9
1990. 9
1991. 9
1992. 9
1993. 9
1994. 9
1995. 9
1996. 9
1997. 9
1998. 9
1999. 9
2000. 9
2001. 9
2002. 9
2003. 9
2004. 9
2005. 9
2006. 9
2007. 9
2008. 9
2009. 9
2010. 9
2011. 9
2012. 9
2013. 9
2014. 9
2015. 9
2016. 9
2017. 9
2018. 9
2019. 9
2020. 9
2021. 9
2022. 9
2023. 9
2024. 9
2025. 9
2026. 9
2027. 9
2028. 9
2029. 9
2030. 9
2031. 9
2032. 9
2033. 9
2034. 9
2035. 9
2036. 9
2037. 9
2038. 9
2039. 9
2040. 9
2041. 9
2042. 9
2043. 9
2044. 9
2045. 9
2046. 9
2047. 9
2048. 9
2049. 9
2050. 9
2051. 9
2052. 9
2053. 9
2054. 9
2055. 9
2056. 9
2057. 9
2058. 9
2059. 9
2060. 9
2061. 9
2062. 9
2063. 9
2064. 9
2065. 9
2066. 9
2067. 9
2068. 9
2069. 9
2070. 9
2071. 9
2072. 9
2073. 9
2074. 9
2075. 9
2076. 9
2077. 9
2078. 9
2079. 9
2080. 9
2081. 9
2082. 9
2083. 9
2084. 9
2085. 9
2086. 9
2087. 9
2088. 9
2089. 9
2090. 9
2091. 9
2092. 9
2093. 9
2094. 9
2095. 9
2096. 9
2097. 9
2098. 9
2099. 9
2100. 9
2101. 9
2102. 9
2103. 9
2104. 9
2105. 9
2106. 9
2107. 9
2108. 9
2109. 9
2110. 9
2111. 9
2112. 9
2113. 9
2114. 9
2115. 9
2116. 9
2117. 9
2118. 9
2119. 9
2120. 9
2121. 9
2122. 9
2123. 9
2124. 9
2125. 9
2126. 9
2127. 9
2128. 9
2129. 9
2130. 9
2131. 9
2132. 9
2133. 9
2134. 9
2135. 9
2136. 9
2137. 9
2138. 9
2139. 9
2140. 9
2141. 9
2142. 9
2143. 9
2144. 9
2145. 9
2146. 9
2147. 9
2148. 9
2149. 9
2150. 9
2151. 9
2152. 9
2153. 9
2154. 9
2155. 9
2156. 9
2157. 9
2158. 9
2159. 9
2160. 9
2161. 9
2162. 9
2163. 9
2164. 9
2165. 9
2166. 9
2167. 9
2168. 9
2169. 9
2170. 9
2171. 9
2172. 9
2173. 9
2174. 9
2175. 9
2176. 9
2177. 9
2178. 9
2179. 9
2180. 9
2181. 9
2182. 9
2183. 9
2184. 9
2185. 9
2186. 9
2187. 9
2188. 9
2189. 9
2190. 9
2191. 9
2192. 9
2193. 9
2194. 9
2195. 9
2196. 9
2197. 9
2198. 9
2199. 9
2200. 9
2201. 9
2202. 9
2203. 9
2204. 9
2205. 9
2206. 9
2207. 9
2208. 9
2209. 9
2210. 9
2211. 9
2212. 9
2213. 9
2214. 9
2215. 9
2216. 9
2217. 5
2218. 5
2219. 5
2220. 5
2221. 5
2222. 5
2223. 5
2224. 5
2225. 5
2226. 5
2227. 5
2228. 5
2229. 5
2230. 5
2231. 5
2232. 5
2233. 5
2234. 5
2235. 5
2236. 5
2237. 5
2238. 5
2239. 5
2240. 5
2241. 5
2242. 5
2243. 5
2244. 5
2245. 5
2246. 5
2247. 5
2248. 5
2249. 5
2250. 5
2251. 5
2252. 5
2253. 5
2254. 5
2255. 5
2256. 5
2257. 5
2258. 5
2259. 5
2260. 5
2261. 5
2262. 5
2263. 5
2264. 5
2265. 5
2266. 5
2267. 5
2268. 5
2269. 5
2270. 5
2271. 5
2272. 5
2273. 5
2274. 5
2275. 5
2276. 5
2277. 5
2278. 5
2279. 5
2280. 5
2281. 5
2282. 5
2283. 5
2284. 5
2285. 5
2286. 5
2287. 5
2288. 5
2289. 5
2290. 5
2291. 5
2292. 5
2293. 5
2294. 5
2295. 5
2296. 5
2297. 5
2298. 5
2299. 5
2300. 5
2301. 5
2302. 5
2303. 5
2304. 5
2305. 5
2306. 5
2307. 5
2308. 5
2309. 5
2310. 5
2311. 5
2312. 5
2313. 5
2314. 5
2315. 5
2316. 5
2317. 5
2318. 5
2319. 5
2320. 5
2321. 5
2322. 5
2323. 5
2324. 5
2325. 5
2326. 5
2327. 5
2328. 5
2329. 5
2330. 5
2331. 5
2332. 5
2333. 5
2334. 5
2335. 5
2336. 5
2337. 5
2338. 5
2339. 5
2340. 5
2341. 5
2342. 5
2343. 5
2344. 5
2345. 5
2346. 5
2347. 5
2348. 5
2349. 5
2350. 5
2351. 5
2352. 5
2353. 5
2354. 5
2355. 5
2356. 5
2357. 5
2358. 5
2359. 5
2360. 5
2361. 5
2362. 5
2363. 5
2364. 5
2365. 5
2366. 5
2367. 5
2368. 5
2369. 5
2370. 5
2371. 5
2372. 5
2373. 5
2374. 5
2375. 5
2376. 5
2377. 5
2378. 5
2379. 5
2380. 5
2381. 5
2382. 5
2383. 5
2384. 5
2385. 5
2386. 5
2387. 5
2388. 5
2389. 5
2390. 5
2391. 5
2392. 5
2393. 5
2394. 5
2395. 5
2396. 5
2397. 5
2398. 5
2399. 5
2400. 5
2401. 5
2402. 5
2403. 5
2404. 5
2405. 5
2406. 5
2407. 5
2408. 5
2409. 5
2410. 5
2411. 5
2412. 5
2413. 5
2414. 5
2415. 5
2416. 5
2417. 5
2418. 5
2419. 5
2420. 5
2421. 5
2422. 5
2423. 5
2424. 5
2425. 5
2426. 5
2427. 5
2428. 5
2429. 5
2430. 5
2431. 5
2432. 5
2433. 5
2434. 5
2435. 5
2436. 5
2437. 5
2438. 5
2439. 5
2440. 5
2441. 5
2442. 5
2443. 5
2444. 5
2445. 5
2446. 5
2447. 5
2448. 5
2449. 5
2450. 5
2451. 5
2452. 5
2453. 5
2454. 5
2455. 5
2456. 5
2457. 5
2458. 5
2459. 5
2460. 5
2461. 5
2462. 5
2463. 5
2464. 5
2465. 5
2466. 5
2467. 5
2468. 5
2469. 5
2470. 5
2471. 5
2472. 5
2473. 5
2474. 5
2475. 5
2476. 5
2477. 5
2478. 5
2479. 5
2480. 5
2481. 5
2482. 5
2483. 5
2484. 5
2485. 5
2486. 5
2487. 5
2488. 5
2489. 5
2490. 5
2491. 5
2492. 5
2493. 5
2494. 5
2495. 5
2496. 5
2497. 5
2498. 5
2499. 5
2500. 5
2501. 5
2502. 5
2503. 5
2504. 5
2505. 5
2506. 5
2507. 5
2508. 5
2509. 5
2510. 5
2511. 5
2512. 5
2513. 5
2514. 5
2515. 5
2516. 5
2517. 5
2518. 5
2519. 5
2520. 5
2521. 5
2522. 5
2523. 5
2524. 5
2525. 5
2526. 5
2527. 5
2528. 5
2529. 5
2530. 5
2531. 5
2532. 5
2533. 5
2534. 5
2535. 5
2536. 5
2537. 5
2538. 5
2539. 5
2540. 5
2541. 5
2542. 5
2543. 5
2544. 5
2545. 5
2546. 5
2547. 5
2548. 5
2549. 5
2550. 5
2551. 5
2552. 5
2553. 5
2554. 5
2555. 5
2556. 5
2557. 5
2558. 5
2559. 5
2560. 5
2561. 5
2562. 5
2563. 5
2564. 5
2565. 5
2566. 5
2567. 5
2568. 5
2569. 5
2570. 5
2571. 5
2572. 5
2573. 5
2574. 5
2575. 5
2576. 5
2577. 5
2578. 5
2579. 5
2580. 5
2581. 5
2582. 5
2583. 5
2584. 5
2585. 5
2586. 5
2587. 5
2588. 5
2589. 5
2590. 5
2591. 5
2592. 5
2593. 5
2594. 5
2595. 5
2596. 5
2597. 5
2598. 5
2599. 5
2600. 5
2601. 5
2602. 5
2603. 5
2604. 5
2605. 5
2606. 5
2607. 5
2608. 5
2609. 5
2610. 5
2611. 5
2612. 5
2613. 5
2614. 5
2615. 5
2616. 5
2617. 5
2618. 5
2619. 5
2620. 5
2621. 5
2622. 5
2623. 5
2624. 5
2625. 5
2626. 5
2627. 5
2628. 5
2629. 5
2630. 5
2631. 5
2632. 5
2633. 5
2634. 5
2635. 5
2636. 5
2637. 5
2638. 5
2639. 5
2640. 5
2641. 5
2642. 5
2643. 5
2644. 5
2645. 5
2646. 5
2647. 5
2648. 5
2649. 5
2650. 5
2651. 5
2652. 5
2653. 5
2654. 5
2655. 5
2656. 5
2657. 5
2658. 5
2659. 5
2660. 5
2661. 5
2662. 5
2663. 5
2664. 5
2665. 5
2666. 5
2667. 5
2668. 5
2669. 5
2670. 5
2671. 5
2672. 5
2673. 5
2674. 5
2675. 5
2676. 1
2677. 1
2678. 1
2679. 1
2680. 1
2681. 1
2682. 1
2683. 1
2684. 1
2685. 1
2686. 1
2687. 1
2688. 1
2689. 1
2690. 1
2691. 1
2692. 1
2693. 1
2694. 1
2695. 1
2696. 1
2697. 1
2698. 1
2699. 1
2700. 1
2701. 1
2702. 1
2703. 1
2704. 1
2705. 1
2706. 1
2707. 1
2708. 1
2709. 1
2710. 1
2711. 1
2712. 1
2713. 1
2714. 1
2715. 1
2716. 1
2717. 1
2718. 1
2719. 1
2720. 1
2721. 1
2722. 1
2723. 1
2724. 1
2725. 1
2726. 1
2727. 1
2728. 1
2729. 1
2730. 1
2731. 1
2732. 1
2733. 1
2734. 1
2735. 1
2736. 1
2737. 1
2738. 1
2739. 1
2740. 1
2741. 1
2742. 1
2743. 1
2744. 1
2745. 1
2746. 1
2747. 1
2748. 1
2749. 1
2750. 1
2751. 1
2752. 1
2753. 1
2754. 1
2755. 1
2756. 1
2757. 1
2758. 1
2759. 1
2760. 1
2761. 1
2762. 1
2763. 1
2764. 1
2765. 1
2766. 1
2767. 1
2768. 1
2769. 1
2770. 1
2771. 1
2772. 1
2773. 1
2774. 1
2775. 1
2776. 1
2777. 1
2778. 1
2779. 1
2780. 1
2781. 1
2782. 1
2783. 1
2784. 1
2785. 1
2786. 1
2787. 1
2788. 1
2789. 1
2790. 1
2791. 1
2792. 1
2793. 1
2794. 1
2795. 1
2796. 1
2797. 1
2798. 1
2799. 1
2800. 1
2801. 1
2802. 1
2803. 1
2804. 1
2805. 1
2806. 1
2807. 1
2808. 1
2809. 1
2810. 1
2811. 1
2812. 1
2813. 1
2814. 1
2815. 1
2816. 1
2817. 1
2818. 1
2819. 1
2820. 1
2821. 1
2822. 1
2823. 1
2824. 1
2825. 1
2826. 1
2827. 1
2828. 1
2829. 1
2830. 1
2831. 1
2832. 1
2833. 1
2834. 1
2835. 1
2836. 1
2837. 1
2838. 1
2839. 1
2840. 1
2841. 1
2842. 1
2843. 1
2844. 1
2845. 1
2846. 1
2847. 1
2848. 1
2849. 1
2850. 1
2851. 1
2852. 1
2853. 1
2854. 1
2855. 1
2856. 1
2857. 1
2858. 1
2859. 1
2860. 1
2861. 1
2862. 1
2863. 1
2864. 1
2865. 1
2866. 1
2867. 1
2868. 1
2869. 1
2870. 1
2871. 1
2872. 1
2873. 1
2874. 1
2875. 1
2876. 1
2877. 1
2878. 1
2879. 1
2880. 1
2881. 1
2882. 1
2883. 1
2884. 1
2885. 1
2886. 1
2887. 1
2888. 1
2889. 1
2890. 1
2891. 1
2892. 1
2893. 1
2894. 1
2895. 1
2896. 1
2897. 1
2898. 1
2899. 1
2900. 1
2901. 1
2902. 1
2903. 1
2904. 1
2905. 1
2906. 1
2907. 1
2908. 1
2909. 1
2910. 1
2911. 1
2912. 1
2913. 1
2914. 1
2915. 1
2916. 1
2917. 1
2918. 1
2919. 1
2920. 1
2921. 1
2922. 1
2923. 1
